10
[[2], [4], [1, 6, 1], [10], [10], [8], [6], [6], [7], [10]]
[[3, 1], [3, 1], [8], [9], [10], [10], [9], [8], [3, 2], [3, 1]]
....00....
...0000...
0.000000.0
0000000000
0000000000
.00000000.
..000000..
..000000..
..0000000.
0000000000

5
[[2, 2], [2, 2], [1], [4], [3, 1]]
[[2, 2], [2, 2], [3], [2, 1], [2, 1]]
00.00
00.00
..0..
0000.
000.0

15
[[5], [5], [3, 1, 3], [11], [11], [13], [13], [15], [15], [15], [6, 6], [15], [4, 4], [2, 2], [3, 3]]
[[5, 1], [10], [12], [11], [11], [12], [2, 7, 1], [10, 1], [2, 7, 1], [12], [11], [11], [12], [10], [5, 1]]
.....00000.....
.....00000.....
...000.0.000...
..00000000000..
..00000000000..
.0000000000000.
.0000000000000.
000000000000000
000000000000000
000000000000000
000000...000000
000000000000000
.0000.....0000.
.00.........00.
000.........000

15
[[3, 1, 3], [2, 1, 1, 2, 2], [5, 1, 1, 3], [2, 4], [3, 5, 3], [3, 3, 3], [7], [3, 2, 2, 3], [5, 5], [2, 2, 4, 1], [1, 3, 2], [1, 3], [1, 1, 1], [2, 1, 2], [3, 2, 3]]
[[1, 1, 1, 1], [2, 1, 1, 1], [1, 1, 2, 2, 1], [1, 1, 1, 1, 1], [3, 2, 2, 2], [3, 8], [6, 1], [3, 3, 6], [9], [4, 8], [2, 1, 2, 2, 2], [1, 2, 1, 1, 1], [1, 1, 2, 3, 1], [2, 1, 1, 1], [1, 1, 1, 1]]
..000..0..000..
00..0..0.00..00
.00000.0.0.000.
.....00.0000...
000..00000..000
..000.000.000..
....0000000....
000..00.00..000
..00000.00000..
00..00.0000.0..
.....0.000...00
.....0.000.....
.....0.0.0.....
....00.0.00....
..000.00..000..

15
[[3, 3], [4, 1, 1], [4, 1, 3, 1], [6, 1, 5], [1, 1, 4, 1], [2, 1, 1], [1, 1, 1, 1, 1, 1, 1], [1, 3, 1, 4, 1], [2, 1, 3, 2, 2], [6, 1, 4], [3, 2, 3, 2], [2, 2, 1, 1, 1, 2], [2, 1, 1, 2, 1], [2, 2, 2], [3, 4, 2]]
[[2, 9], [3, 7], [3, 1, 2, 1], [4, 1, 1, 1], [4, 4, 1], [1, 3, 1, 3], [2, 1, 1, 1], [2, 2, 4], [2, 1, 1, 1, 1, 2], [1, 2, 1, 4, 1], [5, 3, 1, 1], [1, 2, 1, 3, 1], [2, 2, 1], [1, 4, 2], [3, 8]]
...000...000...
.0000...0.0....
.0000...0.000.0
000000.0..00000
0....0.0000...0
.....00..0.0...
0.0.0.0.0.0.0..
0..000.0.0000.0
00..0.000.00.00
000000...0.0000
000..00.000..00
00..00.0.0.0.00
00.0...0.00...0
00.....00....00
000...0000...00

15
[[2, 2], [4, 2], [3, 2], [4, 2], [8], [8, 1], [2, 4], [3], [4], [5], [6], [5], [2, 2], [2, 2], [1, 1]]
[[1], [1], [1, 1], [1, 2, 1], [2, 1, 2, 6], [13], [11], [12], [1, 2, 4], [2, 3], [1], [2], [2], [3], [2]]
....00.00......
....0000.....00
.....000.....00
....0000....00.
.....00000000..
..00000000.0...
00..0000.......
.....000.......
....0000.......
...00000.......
...000000......
....00000......
....00..00.....
...00...00.....
..0......0.....

15
[[4], [2, 1], [3], [3], [7], [2, 5], [2, 1, 1, 1], [2, 3, 2], [1, 4, 2], [2, 1, 3, 2], [1, 1, 3, 3], [1, 2, 3], [2, 2, 2], [2, 3], [9]]
[[4], [3, 2], [2, 2, 2], [2, 1, 2, 1], [2, 1, 1, 1, 1], [1, 4, 1], [1, 5, 1], [2, 3, 1], [4, 1], [4, 2], [5, 5], [3, 9], [1, 5], [2], [1]]
...........0000
..........00.0.
.........000...
........000....
....0000000....
...00..00000...
..00..0.0..0...
.00..000...00..
.0..0000...00..
00.0.000...00..
0.0.000...000..
0.00......000..
00.00.....00...
.00......000...
..000000000....

20
[[6], [2, 9], [6, 1, 1, 1], [4, 1, 5], [2, 5], [1, 1, 4], [2, 4, 2, 3], [3, 3, 1, 4], [2, 2, 2, 4], [1, 1, 2, 3], [4, 2, 3, 3], [2, 2, 2, 1, 2], [1, 1, 2, 3, 1], [2, 1, 3, 2, 1], [3, 2, 2, 2, 3], [5, 2, 2, 3], [5, 2, 2, 2], [7, 3, 5], [1, 3, 9], [3, 9]]
[[6], [2, 2, 2], [1, 1, 1], [2, 2, 2, 2], [5, 3, 1], [4, 1, 3, 1], [3, 2, 4, 1], [2, 3, 8], [2, 3, 3], [3, 2, 2], [2, 1, 1, 2], [3, 7], [2, 2, 3, 4], [3, 9, 3], [2, 1, 3, 3, 2], [1, 2, 3, 5], [1, 6, 2, 3], [9, 4, 3], [9, 6], [2, 13]]
.........000000.....
.....00.000000000...
....000000.0.0...0..
....0000..0...00000.
....00.........00000
....0.......0...0000
...00..0000.00..000.
.000...000...0..0000
00.....00....00.0000
0..0.........00..000
0000.00......000.000
00....00....00.0..00
0......0....00.000.0
00.....0...000..00.0
.000..00..00.00..000
...00000..00..00.000
....00000..00.00..00
...0000000.000.00000
...0...000.000000000
....000....000000000

20
[[5], [4], [3, 3], [7, 2], [8, 2], [2, 3, 5], [10], [9, 5], [11, 3], [3, 3, 3, 3], [2, 5, 3, 2], [2, 2, 5, 1], [1, 2, 2, 3], [2, 3, 3], [3, 2, 2], [2, 2, 2], [2, 1], [3], [3], [3]]
[[1], [3], [2, 3], [3, 5], [3, 3, 3], [1, 3, 2, 6], [1, 2, 2, 8], [2, 3, 2, 5], [2, 8], [3, 6, 1], [4, 5, 3], [7, 5], [5, 3], [2, 4], [3, 5, 2], [3, 6], [3, 3], [4], [5], [2]]
.....00000..........
.......0000.........
...000...000........
.0000000..00........
.00000000.00........
00.....000.00000....
........0000000000..
....000000000.00000.
...00000000000..000.
..000...000.000..000
..00...00000.000..00
..00...00..00000..0.
...0..00...00.000...
......00..000.000...
.....000..00...00...
.....00..00...00....
.....00.......0.....
....000.............
....000.............
....000.............

15
[[3], [13], [14], [2, 6, 3], [3, 6, 3], [3, 7, 1], [1, 3, 6], [1, 4, 2, 2], [6, 6], [4, 4], [13], [15], [15], [5, 5], [5, 5]]
[[6, 4], [9, 5], [3, 2, 7], [2, 8], [2, 10], [12], [8, 3], [5, 3], [8, 3], [12], [6, 7], [2, 1, 7], [4, 9], [7, 5], [2, 4]]
000............
0000000000000..
00000000000000.
00...000000.000
000..000000.000
000.0000000..0.
.0..000.000000.
.0.0000.00..00.
.000000.000000.
..0000...0000..
.0000000000000.
000000000000000
000000000000000
00000.....00000
00000.....00000

